Training Log 
-0.0151576744393
0.00139707839116
0.00457835849375
0.00245810928755
0.00350055727176
0.00716314045712
0.00328465248458
0.00636821286753
0.00829135812819
0.00758088007569
0.00892316084355
0.00672696717083
0.00575354462489
0.00901212915778
0.0094065964222
0.00800070911646
0.00979856867343
0.0101798288524
0.0116189187393
0.00429617986083
0.0112847480923
0.0105969309807
0.0100848907605
0.0119693642482
0.0113579696044
0.01008106675
0.0103347413242
0.0123372357339
0.0135101471096
0.0117992693558
0.0108252000064
0.0133742326871
0.0103869084269
0.0122411437333
0.0110101001337
0.0122380023822
0.0104310121387
0.0135997841135
0.0134188812226
0.0128793409094
0.0132520180196
0.0116284666583
0.0138772223145
0.0146989272907
